{
 "cells": [
  {
   "cell_type": "code",
   "execution_count": 1,
   "id": "tough-adams",
   "metadata": {},
   "outputs": [],
   "source": [
    "import numpy as np\n",
    "import pandas as pd"
   ]
  },
  {
   "cell_type": "code",
   "execution_count": 84,
   "id": "smaller-logging",
   "metadata": {},
   "outputs": [],
   "source": [
    "tab=pd.read_excel('../../database/dy_qT/expdata/30001.xlsx')"
   ]
  },
  {
   "cell_type": "code",
   "execution_count": 85,
   "id": "considered-france",
   "metadata": {},
   "outputs": [
    {
     "data": {
      "text/html": [
       "<div>\n",
       "<style scoped>\n",
       "    .dataframe tbody tr th:only-of-type {\n",
       "        vertical-align: middle;\n",
       "    }\n",
       "\n",
       "    .dataframe tbody tr th {\n",
       "        vertical-align: top;\n",
       "    }\n",
       "\n",
       "    .dataframe thead th {\n",
       "        text-align: right;\n",
       "    }\n",
       "</style>\n",
       "<table border=\"1\" class=\"dataframe\">\n",
       "  <thead>\n",
       "    <tr style=\"text-align: right;\">\n",
       "      <th></th>\n",
       "      <th>RS</th>\n",
       "      <th>Q</th>\n",
       "      <th>Qmin</th>\n",
       "      <th>Qmax</th>\n",
       "      <th>y</th>\n",
       "      <th>ymin</th>\n",
       "      <th>ymax</th>\n",
       "      <th>qT</th>\n",
       "      <th>qTmin</th>\n",
       "      <th>qTmax</th>\n",
       "      <th>...</th>\n",
       "      <th>kCut2[GeV]</th>\n",
       "      <th>pTmin</th>\n",
       "      <th>etaMin</th>\n",
       "      <th>etaMax</th>\n",
       "      <th>col</th>\n",
       "      <th>beam</th>\n",
       "      <th>target</th>\n",
       "      <th>process</th>\n",
       "      <th>obs</th>\n",
       "      <th>units</th>\n",
       "    </tr>\n",
       "  </thead>\n",
       "  <tbody>\n",
       "    <tr>\n",
       "      <th>0</th>\n",
       "      <td>13000</td>\n",
       "      <td>91</td>\n",
       "      <td>60</td>\n",
       "      <td>120</td>\n",
       "      <td>3.25</td>\n",
       "      <td>2</td>\n",
       "      <td>4.5</td>\n",
       "      <td>1.10</td>\n",
       "      <td>0.0</td>\n",
       "      <td>2.2</td>\n",
       "      <td>...</td>\n",
       "      <td>20</td>\n",
       "      <td>20</td>\n",
       "      <td>2</td>\n",
       "      <td>4.5</td>\n",
       "      <td>LHCb</td>\n",
       "      <td>p</td>\n",
       "      <td>p</td>\n",
       "      <td>pp-&gt;Z/gamma*-&gt;l+ l-</td>\n",
       "      <td>dsig/dpT</td>\n",
       "      <td>pb/GeV</td>\n",
       "    </tr>\n",
       "    <tr>\n",
       "      <th>1</th>\n",
       "      <td>13000</td>\n",
       "      <td>91</td>\n",
       "      <td>60</td>\n",
       "      <td>120</td>\n",
       "      <td>3.25</td>\n",
       "      <td>2</td>\n",
       "      <td>4.5</td>\n",
       "      <td>2.80</td>\n",
       "      <td>2.2</td>\n",
       "      <td>3.4</td>\n",
       "      <td>...</td>\n",
       "      <td>20</td>\n",
       "      <td>20</td>\n",
       "      <td>2</td>\n",
       "      <td>4.5</td>\n",
       "      <td>LHCb</td>\n",
       "      <td>p</td>\n",
       "      <td>p</td>\n",
       "      <td>pp-&gt;Z/gamma*-&gt;l+ l-</td>\n",
       "      <td>dsig/dpT</td>\n",
       "      <td>pb/GeV</td>\n",
       "    </tr>\n",
       "    <tr>\n",
       "      <th>2</th>\n",
       "      <td>13000</td>\n",
       "      <td>91</td>\n",
       "      <td>60</td>\n",
       "      <td>120</td>\n",
       "      <td>3.25</td>\n",
       "      <td>2</td>\n",
       "      <td>4.5</td>\n",
       "      <td>4.00</td>\n",
       "      <td>3.4</td>\n",
       "      <td>4.6</td>\n",
       "      <td>...</td>\n",
       "      <td>20</td>\n",
       "      <td>20</td>\n",
       "      <td>2</td>\n",
       "      <td>4.5</td>\n",
       "      <td>LHCb</td>\n",
       "      <td>p</td>\n",
       "      <td>p</td>\n",
       "      <td>pp-&gt;Z/gamma*-&gt;l+ l-</td>\n",
       "      <td>dsig/dpT</td>\n",
       "      <td>pb/GeV</td>\n",
       "    </tr>\n",
       "    <tr>\n",
       "      <th>3</th>\n",
       "      <td>13000</td>\n",
       "      <td>91</td>\n",
       "      <td>60</td>\n",
       "      <td>120</td>\n",
       "      <td>3.25</td>\n",
       "      <td>2</td>\n",
       "      <td>4.5</td>\n",
       "      <td>5.20</td>\n",
       "      <td>4.6</td>\n",
       "      <td>5.8</td>\n",
       "      <td>...</td>\n",
       "      <td>20</td>\n",
       "      <td>20</td>\n",
       "      <td>2</td>\n",
       "      <td>4.5</td>\n",
       "      <td>LHCb</td>\n",
       "      <td>p</td>\n",
       "      <td>p</td>\n",
       "      <td>pp-&gt;Z/gamma*-&gt;l+ l-</td>\n",
       "      <td>dsig/dpT</td>\n",
       "      <td>pb/GeV</td>\n",
       "    </tr>\n",
       "    <tr>\n",
       "      <th>4</th>\n",
       "      <td>13000</td>\n",
       "      <td>91</td>\n",
       "      <td>60</td>\n",
       "      <td>120</td>\n",
       "      <td>3.25</td>\n",
       "      <td>2</td>\n",
       "      <td>4.5</td>\n",
       "      <td>6.50</td>\n",
       "      <td>5.8</td>\n",
       "      <td>7.2</td>\n",
       "      <td>...</td>\n",
       "      <td>20</td>\n",
       "      <td>20</td>\n",
       "      <td>2</td>\n",
       "      <td>4.5</td>\n",
       "      <td>LHCb</td>\n",
       "      <td>p</td>\n",
       "      <td>p</td>\n",
       "      <td>pp-&gt;Z/gamma*-&gt;l+ l-</td>\n",
       "      <td>dsig/dpT</td>\n",
       "      <td>pb/GeV</td>\n",
       "    </tr>\n",
       "    <tr>\n",
       "      <th>5</th>\n",
       "      <td>13000</td>\n",
       "      <td>91</td>\n",
       "      <td>60</td>\n",
       "      <td>120</td>\n",
       "      <td>3.25</td>\n",
       "      <td>2</td>\n",
       "      <td>4.5</td>\n",
       "      <td>7.95</td>\n",
       "      <td>7.2</td>\n",
       "      <td>8.7</td>\n",
       "      <td>...</td>\n",
       "      <td>20</td>\n",
       "      <td>20</td>\n",
       "      <td>2</td>\n",
       "      <td>4.5</td>\n",
       "      <td>LHCb</td>\n",
       "      <td>p</td>\n",
       "      <td>p</td>\n",
       "      <td>pp-&gt;Z/gamma*-&gt;l+ l-</td>\n",
       "      <td>dsig/dpT</td>\n",
       "      <td>pb/GeV</td>\n",
       "    </tr>\n",
       "    <tr>\n",
       "      <th>6</th>\n",
       "      <td>13000</td>\n",
       "      <td>91</td>\n",
       "      <td>60</td>\n",
       "      <td>120</td>\n",
       "      <td>3.25</td>\n",
       "      <td>2</td>\n",
       "      <td>4.5</td>\n",
       "      <td>9.60</td>\n",
       "      <td>8.7</td>\n",
       "      <td>10.5</td>\n",
       "      <td>...</td>\n",
       "      <td>20</td>\n",
       "      <td>20</td>\n",
       "      <td>2</td>\n",
       "      <td>4.5</td>\n",
       "      <td>LHCb</td>\n",
       "      <td>p</td>\n",
       "      <td>p</td>\n",
       "      <td>pp-&gt;Z/gamma*-&gt;l+ l-</td>\n",
       "      <td>dsig/dpT</td>\n",
       "      <td>pb/GeV</td>\n",
       "    </tr>\n",
       "    <tr>\n",
       "      <th>7</th>\n",
       "      <td>13000</td>\n",
       "      <td>91</td>\n",
       "      <td>60</td>\n",
       "      <td>120</td>\n",
       "      <td>3.25</td>\n",
       "      <td>2</td>\n",
       "      <td>4.5</td>\n",
       "      <td>11.65</td>\n",
       "      <td>10.5</td>\n",
       "      <td>12.8</td>\n",
       "      <td>...</td>\n",
       "      <td>20</td>\n",
       "      <td>20</td>\n",
       "      <td>2</td>\n",
       "      <td>4.5</td>\n",
       "      <td>LHCb</td>\n",
       "      <td>p</td>\n",
       "      <td>p</td>\n",
       "      <td>pp-&gt;Z/gamma*-&gt;l+ l-</td>\n",
       "      <td>dsig/dpT</td>\n",
       "      <td>pb/GeV</td>\n",
       "    </tr>\n",
       "    <tr>\n",
       "      <th>8</th>\n",
       "      <td>13000</td>\n",
       "      <td>91</td>\n",
       "      <td>60</td>\n",
       "      <td>120</td>\n",
       "      <td>3.25</td>\n",
       "      <td>2</td>\n",
       "      <td>4.5</td>\n",
       "      <td>14.10</td>\n",
       "      <td>12.8</td>\n",
       "      <td>15.4</td>\n",
       "      <td>...</td>\n",
       "      <td>20</td>\n",
       "      <td>20</td>\n",
       "      <td>2</td>\n",
       "      <td>4.5</td>\n",
       "      <td>LHCb</td>\n",
       "      <td>p</td>\n",
       "      <td>p</td>\n",
       "      <td>pp-&gt;Z/gamma*-&gt;l+ l-</td>\n",
       "      <td>dsig/dpT</td>\n",
       "      <td>pb/GeV</td>\n",
       "    </tr>\n",
       "    <tr>\n",
       "      <th>9</th>\n",
       "      <td>13000</td>\n",
       "      <td>91</td>\n",
       "      <td>60</td>\n",
       "      <td>120</td>\n",
       "      <td>3.25</td>\n",
       "      <td>2</td>\n",
       "      <td>4.5</td>\n",
       "      <td>17.20</td>\n",
       "      <td>15.4</td>\n",
       "      <td>19.0</td>\n",
       "      <td>...</td>\n",
       "      <td>20</td>\n",
       "      <td>20</td>\n",
       "      <td>2</td>\n",
       "      <td>4.5</td>\n",
       "      <td>LHCb</td>\n",
       "      <td>p</td>\n",
       "      <td>p</td>\n",
       "      <td>pp-&gt;Z/gamma*-&gt;l+ l-</td>\n",
       "      <td>dsig/dpT</td>\n",
       "      <td>pb/GeV</td>\n",
       "    </tr>\n",
       "    <tr>\n",
       "      <th>10</th>\n",
       "      <td>13000</td>\n",
       "      <td>91</td>\n",
       "      <td>60</td>\n",
       "      <td>120</td>\n",
       "      <td>3.25</td>\n",
       "      <td>2</td>\n",
       "      <td>4.5</td>\n",
       "      <td>21.75</td>\n",
       "      <td>19.0</td>\n",
       "      <td>24.5</td>\n",
       "      <td>...</td>\n",
       "      <td>20</td>\n",
       "      <td>20</td>\n",
       "      <td>2</td>\n",
       "      <td>4.5</td>\n",
       "      <td>LHCb</td>\n",
       "      <td>p</td>\n",
       "      <td>p</td>\n",
       "      <td>pp-&gt;Z/gamma*-&gt;l+ l-</td>\n",
       "      <td>dsig/dpT</td>\n",
       "      <td>pb/GeV</td>\n",
       "    </tr>\n",
       "    <tr>\n",
       "      <th>11</th>\n",
       "      <td>13000</td>\n",
       "      <td>91</td>\n",
       "      <td>60</td>\n",
       "      <td>120</td>\n",
       "      <td>3.25</td>\n",
       "      <td>2</td>\n",
       "      <td>4.5</td>\n",
       "      <td>29.25</td>\n",
       "      <td>24.5</td>\n",
       "      <td>34.0</td>\n",
       "      <td>...</td>\n",
       "      <td>20</td>\n",
       "      <td>20</td>\n",
       "      <td>2</td>\n",
       "      <td>4.5</td>\n",
       "      <td>LHCb</td>\n",
       "      <td>p</td>\n",
       "      <td>p</td>\n",
       "      <td>pp-&gt;Z/gamma*-&gt;l+ l-</td>\n",
       "      <td>dsig/dpT</td>\n",
       "      <td>pb/GeV</td>\n",
       "    </tr>\n",
       "    <tr>\n",
       "      <th>12</th>\n",
       "      <td>13000</td>\n",
       "      <td>91</td>\n",
       "      <td>60</td>\n",
       "      <td>120</td>\n",
       "      <td>3.25</td>\n",
       "      <td>2</td>\n",
       "      <td>4.5</td>\n",
       "      <td>48.50</td>\n",
       "      <td>34.0</td>\n",
       "      <td>63.0</td>\n",
       "      <td>...</td>\n",
       "      <td>20</td>\n",
       "      <td>20</td>\n",
       "      <td>2</td>\n",
       "      <td>4.5</td>\n",
       "      <td>LHCb</td>\n",
       "      <td>p</td>\n",
       "      <td>p</td>\n",
       "      <td>pp-&gt;Z/gamma*-&gt;l+ l-</td>\n",
       "      <td>dsig/dpT</td>\n",
       "      <td>pb/GeV</td>\n",
       "    </tr>\n",
       "    <tr>\n",
       "      <th>13</th>\n",
       "      <td>13000</td>\n",
       "      <td>91</td>\n",
       "      <td>60</td>\n",
       "      <td>120</td>\n",
       "      <td>3.25</td>\n",
       "      <td>2</td>\n",
       "      <td>4.5</td>\n",
       "      <td>166.50</td>\n",
       "      <td>63.0</td>\n",
       "      <td>270.0</td>\n",
       "      <td>...</td>\n",
       "      <td>20</td>\n",
       "      <td>20</td>\n",
       "      <td>2</td>\n",
       "      <td>4.5</td>\n",
       "      <td>LHCb</td>\n",
       "      <td>p</td>\n",
       "      <td>p</td>\n",
       "      <td>pp-&gt;Z/gamma*-&gt;l+ l-</td>\n",
       "      <td>dsig/dpT</td>\n",
       "      <td>pb/GeV</td>\n",
       "    </tr>\n",
       "  </tbody>\n",
       "</table>\n",
       "<p>14 rows × 40 columns</p>\n",
       "</div>"
      ],
      "text/plain": [
       "       RS   Q  Qmin  Qmax     y  ymin  ymax      qT  qTmin  qTmax  ...  \\\n",
       "0   13000  91    60   120  3.25     2   4.5    1.10    0.0    2.2  ...   \n",
       "1   13000  91    60   120  3.25     2   4.5    2.80    2.2    3.4  ...   \n",
       "2   13000  91    60   120  3.25     2   4.5    4.00    3.4    4.6  ...   \n",
       "3   13000  91    60   120  3.25     2   4.5    5.20    4.6    5.8  ...   \n",
       "4   13000  91    60   120  3.25     2   4.5    6.50    5.8    7.2  ...   \n",
       "5   13000  91    60   120  3.25     2   4.5    7.95    7.2    8.7  ...   \n",
       "6   13000  91    60   120  3.25     2   4.5    9.60    8.7   10.5  ...   \n",
       "7   13000  91    60   120  3.25     2   4.5   11.65   10.5   12.8  ...   \n",
       "8   13000  91    60   120  3.25     2   4.5   14.10   12.8   15.4  ...   \n",
       "9   13000  91    60   120  3.25     2   4.5   17.20   15.4   19.0  ...   \n",
       "10  13000  91    60   120  3.25     2   4.5   21.75   19.0   24.5  ...   \n",
       "11  13000  91    60   120  3.25     2   4.5   29.25   24.5   34.0  ...   \n",
       "12  13000  91    60   120  3.25     2   4.5   48.50   34.0   63.0  ...   \n",
       "13  13000  91    60   120  3.25     2   4.5  166.50   63.0  270.0  ...   \n",
       "\n",
       "    kCut2[GeV]  pTmin  etaMin  etaMax   col  beam  target  \\\n",
       "0           20     20       2     4.5  LHCb     p       p   \n",
       "1           20     20       2     4.5  LHCb     p       p   \n",
       "2           20     20       2     4.5  LHCb     p       p   \n",
       "3           20     20       2     4.5  LHCb     p       p   \n",
       "4           20     20       2     4.5  LHCb     p       p   \n",
       "5           20     20       2     4.5  LHCb     p       p   \n",
       "6           20     20       2     4.5  LHCb     p       p   \n",
       "7           20     20       2     4.5  LHCb     p       p   \n",
       "8           20     20       2     4.5  LHCb     p       p   \n",
       "9           20     20       2     4.5  LHCb     p       p   \n",
       "10          20     20       2     4.5  LHCb     p       p   \n",
       "11          20     20       2     4.5  LHCb     p       p   \n",
       "12          20     20       2     4.5  LHCb     p       p   \n",
       "13          20     20       2     4.5  LHCb     p       p   \n",
       "\n",
       "                process       obs   units  \n",
       "0   pp->Z/gamma*->l+ l-  dsig/dpT  pb/GeV  \n",
       "1   pp->Z/gamma*->l+ l-  dsig/dpT  pb/GeV  \n",
       "2   pp->Z/gamma*->l+ l-  dsig/dpT  pb/GeV  \n",
       "3   pp->Z/gamma*->l+ l-  dsig/dpT  pb/GeV  \n",
       "4   pp->Z/gamma*->l+ l-  dsig/dpT  pb/GeV  \n",
       "5   pp->Z/gamma*->l+ l-  dsig/dpT  pb/GeV  \n",
       "6   pp->Z/gamma*->l+ l-  dsig/dpT  pb/GeV  \n",
       "7   pp->Z/gamma*->l+ l-  dsig/dpT  pb/GeV  \n",
       "8   pp->Z/gamma*->l+ l-  dsig/dpT  pb/GeV  \n",
       "9   pp->Z/gamma*->l+ l-  dsig/dpT  pb/GeV  \n",
       "10  pp->Z/gamma*->l+ l-  dsig/dpT  pb/GeV  \n",
       "11  pp->Z/gamma*->l+ l-  dsig/dpT  pb/GeV  \n",
       "12  pp->Z/gamma*->l+ l-  dsig/dpT  pb/GeV  \n",
       "13  pp->Z/gamma*->l+ l-  dsig/dpT  pb/GeV  \n",
       "\n",
       "[14 rows x 40 columns]"
      ]
     },
     "execution_count": 85,
     "metadata": {},
     "output_type": "execute_result"
    }
   ],
   "source": [
    "pd.DataFrame(tab)"
   ]
  },
  {
   "cell_type": "code",
   "execution_count": 86,
   "id": "compound-deployment",
   "metadata": {},
   "outputs": [
    {
     "name": "stdout",
     "output_type": "stream",
     "text": [
      "Index(['RS', 'Q', 'Qmin', 'Qmax', 'y', 'ymin', 'ymax', 'qT', 'qTmin', 'qTmax',\n",
      "       'value', 'stat_u', 'syst_c', 'norm_c', 'cov_0_S', 'cov_1_S', 'cov_2_S',\n",
      "       'cov_3_S', 'cov_4_S', 'cov_5_S', 'cov_6_S', 'cov_7_S', 'cov_8_S',\n",
      "       'cov_9_S', 'cov_10_S', 'cov_11_S', 'cov_12_S', 'cov_13_S',\n",
      "       'FiducialCuts', 'kCut1[GeV]', 'kCut2[GeV]', 'pTmin', 'etaMin', 'etaMax',\n",
      "       'col', 'beam', 'target', 'process', 'obs', 'units'],\n",
      "      dtype='object')\n"
     ]
    }
   ],
   "source": [
    "print(tab.keys())"
   ]
  },
  {
   "cell_type": "code",
   "execution_count": 83,
   "id": "bearing-remark",
   "metadata": {},
   "outputs": [],
   "source": [
    "# print(tab['idx'])"
   ]
  },
  {
   "cell_type": "code",
   "execution_count": 49,
   "id": "perfect-detective",
   "metadata": {},
   "outputs": [],
   "source": [
    "syst=tab['syst_u'].values\n",
    "stat=tab['stat_u'].values"
   ]
  },
  {
   "cell_type": "code",
   "execution_count": 51,
   "id": "beneficial-response",
   "metadata": {},
   "outputs": [
    {
     "name": "stdout",
     "output_type": "stream",
     "text": [
      "[0.11   0.21   0.21   0.21   0.18   0.16   0.13   0.11   0.09   0.07\n",
      " 0.05   0.029  0.011  0.0009]\n"
     ]
    }
   ],
   "source": [
    "print(stat)"
   ]
  },
  {
   "cell_type": "code",
   "execution_count": 38,
   "id": "together-british",
   "metadata": {},
   "outputs": [],
   "source": [
    "corr=pd.read_excel('HEPData-ins1477581-v1-Table_12.xlsx')"
   ]
  },
  {
   "cell_type": "code",
   "execution_count": 117,
   "id": "fitted-minute",
   "metadata": {},
   "outputs": [],
   "source": [
    "cov=[]\n",
    "for i in range(len(syst)):\n",
    "    cov.append([])\n",
    "    for j in range(len(syst)):\n",
    "        cov[i].append(0)"
   ]
  },
  {
   "cell_type": "code",
   "execution_count": 118,
   "id": "exposed-domain",
   "metadata": {},
   "outputs": [
    {
     "name": "stdout",
     "output_type": "stream",
     "text": [
      "14\n"
     ]
    }
   ],
   "source": [
    "print(len(cov[0]))"
   ]
  },
  {
   "cell_type": "code",
   "execution_count": 119,
   "id": "advanced-reggae",
   "metadata": {},
   "outputs": [],
   "source": [
    "for i in range(len(corr['Bin index'])):\n",
    "    idx1=corr['Bin index'][i]-1\n",
    "    idx2=corr['Bin index.1'][i]-1\n",
    "    cov[idx1][idx2]=corr['Correlation'][i]"
   ]
  },
  {
   "cell_type": "code",
   "execution_count": 120,
   "id": "square-berry",
   "metadata": {},
   "outputs": [
    {
     "name": "stdout",
     "output_type": "stream",
     "text": [
      "[[1.0, 0.54, 0.54, 0.53, 0.55, 0.54, 0.53, 0.52, 0.51, 0.53, 0.53, 0.53, 0.54, 0.42], [0.54, 1.0, 0.55, 0.54, 0.55, 0.56, 0.53, 0.54, 0.52, 0.54, 0.55, 0.56, 0.55, 0.44], [0.54, 0.55, 1.0, 0.55, 0.55, 0.56, 0.54, 0.55, 0.54, 0.55, 0.57, 0.57, 0.57, 0.45], [0.53, 0.54, 0.55, 1.0, 0.56, 0.55, 0.55, 0.55, 0.55, 0.55, 0.56, 0.56, 0.58, 0.47], [0.55, 0.55, 0.55, 0.56, 1.0, 0.56, 0.56, 0.55, 0.55, 0.57, 0.56, 0.56, 0.58, 0.47], [0.54, 0.56, 0.56, 0.55, 0.56, 1.0, 0.54, 0.55, 0.53, 0.54, 0.56, 0.56, 0.56, 0.44], [0.53, 0.53, 0.54, 0.55, 0.56, 0.54, 1.0, 0.54, 0.55, 0.55, 0.55, 0.55, 0.58, 0.47], [0.52, 0.54, 0.55, 0.55, 0.55, 0.55, 0.54, 1.0, 0.55, 0.55, 0.57, 0.58, 0.58, 0.48], [0.51, 0.52, 0.54, 0.55, 0.55, 0.53, 0.55, 0.55, 1.0, 0.56, 0.57, 0.57, 0.6, 0.5], [0.53, 0.54, 0.55, 0.55, 0.57, 0.54, 0.55, 0.55, 0.56, 1.0, 0.56, 0.57, 0.59, 0.49], [0.53, 0.55, 0.57, 0.56, 0.56, 0.56, 0.55, 0.57, 0.57, 0.56, 1.0, 0.6, 0.6, 0.5], [0.53, 0.56, 0.57, 0.56, 0.56, 0.56, 0.55, 0.58, 0.57, 0.57, 0.6, 1.0, 0.61, 0.51], [0.54, 0.55, 0.57, 0.58, 0.58, 0.56, 0.58, 0.58, 0.6, 0.59, 0.6, 0.61, 1.0, 0.54], [0.42, 0.44, 0.45, 0.47, 0.47, 0.44, 0.47, 0.48, 0.5, 0.49, 0.5, 0.51, 0.54, 1.0]]\n"
     ]
    }
   ],
   "source": [
    "print(cov)"
   ]
  },
  {
   "cell_type": "code",
   "execution_count": 121,
   "id": "altered-lending",
   "metadata": {},
   "outputs": [],
   "source": [
    "# cov=np.matrix(cov)"
   ]
  },
  {
   "cell_type": "code",
   "execution_count": 122,
   "id": "living-young",
   "metadata": {},
   "outputs": [],
   "source": [
    "for i in range(14):\n",
    "    for j in range(14):\n",
    "        cov[i][j]*=(syst[i]*syst[j])"
   ]
  },
  {
   "cell_type": "code",
   "execution_count": 123,
   "id": "appointed-directive",
   "metadata": {},
   "outputs": [
    {
     "name": "stdout",
     "output_type": "stream",
     "text": [
      "[[0.0225, 0.02349, 0.024300000000000002, 0.023055, 0.02145, 0.018630000000000004, 0.015104999999999999, 0.01404, 0.01071, 0.00954, 0.00636, 0.003657, 0.0014579999999999999, 6.299999999999999e-05], [0.02349, 0.0841, 0.047850000000000004, 0.045414, 0.04147, 0.037352, 0.029203, 0.028188, 0.021112000000000002, 0.018792, 0.01276, 0.0074704, 0.002871, 0.0001276], [0.024300000000000002, 0.047850000000000004, 0.09, 0.047850000000000004, 0.0429, 0.03864000000000001, 0.03078, 0.0297, 0.022680000000000002, 0.0198, 0.01368, 0.007866, 0.0030779999999999996, 0.000135], [0.023055, 0.045414, 0.047850000000000004, 0.0841, 0.042224, 0.036685, 0.030305000000000002, 0.02871, 0.022330000000000003, 0.01914, 0.012992, 0.0074704, 0.003027599999999999, 0.0001363], [0.02145, 0.04147, 0.0429, 0.042224, 0.06760000000000001, 0.033488000000000004, 0.027664, 0.025740000000000002, 0.020020000000000003, 0.017783999999999998, 0.011648000000000002, 0.006697600000000001, 0.0027144, 0.00012220000000000002], [0.018630000000000004, 0.037352, 0.03864000000000001, 0.036685, 0.033488000000000004, 0.0529, 0.023598000000000004, 0.022770000000000002, 0.017066000000000005, 0.014904, 0.010304, 0.005924800000000001, 0.0023184, 0.00010120000000000001], [0.015104999999999999, 0.029203, 0.03078, 0.030305000000000002, 0.027664, 0.023598000000000004, 0.0361, 0.018468000000000002, 0.014630000000000002, 0.01254, 0.008360000000000001, 0.0048070000000000005, 0.0019836, 8.93e-05], [0.01404, 0.028188, 0.0297, 0.02871, 0.025740000000000002, 0.022770000000000002, 0.018468000000000002, 0.0324, 0.01386, 0.01188, 0.008207999999999998, 0.004802399999999999, 0.0018791999999999997, 8.639999999999999e-05], [0.01071, 0.021112000000000002, 0.022680000000000002, 0.022330000000000003, 0.020020000000000003, 0.017066000000000005, 0.014630000000000002, 0.01386, 0.019600000000000003, 0.009408000000000001, 0.006384000000000001, 0.0036708, 0.001512, 7.000000000000001e-05], [0.00954, 0.018792, 0.0198, 0.01914, 0.017783999999999998, 0.014904, 0.01254, 0.01188, 0.009408000000000001, 0.0144, 0.005376, 0.0031463999999999997, 0.0012743999999999998, 5.88e-05], [0.00636, 0.01276, 0.01368, 0.012992, 0.011648000000000002, 0.010304, 0.008360000000000001, 0.008207999999999998, 0.006384000000000001, 0.005376, 0.0064, 0.002208, 0.0008639999999999999, 4e-05], [0.003657, 0.0074704, 0.007866, 0.0074704, 0.006697600000000001, 0.005924800000000001, 0.0048070000000000005, 0.004802399999999999, 0.0036708, 0.0031463999999999997, 0.002208, 0.002116, 0.00050508, 2.346e-05], [0.0014579999999999999, 0.002871, 0.0030779999999999996, 0.003027599999999999, 0.0027144, 0.0023184, 0.0019836, 0.0018791999999999997, 0.001512, 0.0012743999999999998, 0.0008639999999999999, 0.00050508, 0.00032399999999999996, 9.72e-06], [6.299999999999999e-05, 0.0001276, 0.000135, 0.0001363, 0.00012220000000000002, 0.00010120000000000001, 8.93e-05, 8.639999999999999e-05, 7.000000000000001e-05, 5.88e-05, 4e-05, 2.346e-05, 9.72e-06, 1e-06]]\n"
     ]
    }
   ],
   "source": [
    "print(cov)"
   ]
  },
  {
   "cell_type": "code",
   "execution_count": 124,
   "id": "coastal-geneva",
   "metadata": {},
   "outputs": [
    {
     "data": {
      "text/html": [
       "<div>\n",
       "<style scoped>\n",
       "    .dataframe tbody tr th:only-of-type {\n",
       "        vertical-align: middle;\n",
       "    }\n",
       "\n",
       "    .dataframe tbody tr th {\n",
       "        vertical-align: top;\n",
       "    }\n",
       "\n",
       "    .dataframe thead th {\n",
       "        text-align: right;\n",
       "    }\n",
       "</style>\n",
       "<table border=\"1\" class=\"dataframe\">\n",
       "  <thead>\n",
       "    <tr style=\"text-align: right;\">\n",
       "      <th></th>\n",
       "      <th>0</th>\n",
       "      <th>1</th>\n",
       "      <th>2</th>\n",
       "      <th>3</th>\n",
       "      <th>4</th>\n",
       "      <th>5</th>\n",
       "      <th>6</th>\n",
       "      <th>7</th>\n",
       "      <th>8</th>\n",
       "      <th>9</th>\n",
       "      <th>10</th>\n",
       "      <th>11</th>\n",
       "      <th>12</th>\n",
       "      <th>13</th>\n",
       "    </tr>\n",
       "  </thead>\n",
       "  <tbody>\n",
       "    <tr>\n",
       "      <th>0</th>\n",
       "      <td>0.022500</td>\n",
       "      <td>0.023490</td>\n",
       "      <td>0.024300</td>\n",
       "      <td>0.023055</td>\n",
       "      <td>0.021450</td>\n",
       "      <td>0.018630</td>\n",
       "      <td>0.015105</td>\n",
       "      <td>0.014040</td>\n",
       "      <td>0.010710</td>\n",
       "      <td>0.009540</td>\n",
       "      <td>0.006360</td>\n",
       "      <td>0.003657</td>\n",
       "      <td>0.001458</td>\n",
       "      <td>0.000063</td>\n",
       "    </tr>\n",
       "    <tr>\n",
       "      <th>1</th>\n",
       "      <td>0.023490</td>\n",
       "      <td>0.084100</td>\n",
       "      <td>0.047850</td>\n",
       "      <td>0.045414</td>\n",
       "      <td>0.041470</td>\n",
       "      <td>0.037352</td>\n",
       "      <td>0.029203</td>\n",
       "      <td>0.028188</td>\n",
       "      <td>0.021112</td>\n",
       "      <td>0.018792</td>\n",
       "      <td>0.012760</td>\n",
       "      <td>0.007470</td>\n",
       "      <td>0.002871</td>\n",
       "      <td>0.000128</td>\n",
       "    </tr>\n",
       "    <tr>\n",
       "      <th>2</th>\n",
       "      <td>0.024300</td>\n",
       "      <td>0.047850</td>\n",
       "      <td>0.090000</td>\n",
       "      <td>0.047850</td>\n",
       "      <td>0.042900</td>\n",
       "      <td>0.038640</td>\n",
       "      <td>0.030780</td>\n",
       "      <td>0.029700</td>\n",
       "      <td>0.022680</td>\n",
       "      <td>0.019800</td>\n",
       "      <td>0.013680</td>\n",
       "      <td>0.007866</td>\n",
       "      <td>0.003078</td>\n",
       "      <td>0.000135</td>\n",
       "    </tr>\n",
       "    <tr>\n",
       "      <th>3</th>\n",
       "      <td>0.023055</td>\n",
       "      <td>0.045414</td>\n",
       "      <td>0.047850</td>\n",
       "      <td>0.084100</td>\n",
       "      <td>0.042224</td>\n",
       "      <td>0.036685</td>\n",
       "      <td>0.030305</td>\n",
       "      <td>0.028710</td>\n",
       "      <td>0.022330</td>\n",
       "      <td>0.019140</td>\n",
       "      <td>0.012992</td>\n",
       "      <td>0.007470</td>\n",
       "      <td>0.003028</td>\n",
       "      <td>0.000136</td>\n",
       "    </tr>\n",
       "    <tr>\n",
       "      <th>4</th>\n",
       "      <td>0.021450</td>\n",
       "      <td>0.041470</td>\n",
       "      <td>0.042900</td>\n",
       "      <td>0.042224</td>\n",
       "      <td>0.067600</td>\n",
       "      <td>0.033488</td>\n",
       "      <td>0.027664</td>\n",
       "      <td>0.025740</td>\n",
       "      <td>0.020020</td>\n",
       "      <td>0.017784</td>\n",
       "      <td>0.011648</td>\n",
       "      <td>0.006698</td>\n",
       "      <td>0.002714</td>\n",
       "      <td>0.000122</td>\n",
       "    </tr>\n",
       "    <tr>\n",
       "      <th>5</th>\n",
       "      <td>0.018630</td>\n",
       "      <td>0.037352</td>\n",
       "      <td>0.038640</td>\n",
       "      <td>0.036685</td>\n",
       "      <td>0.033488</td>\n",
       "      <td>0.052900</td>\n",
       "      <td>0.023598</td>\n",
       "      <td>0.022770</td>\n",
       "      <td>0.017066</td>\n",
       "      <td>0.014904</td>\n",
       "      <td>0.010304</td>\n",
       "      <td>0.005925</td>\n",
       "      <td>0.002318</td>\n",
       "      <td>0.000101</td>\n",
       "    </tr>\n",
       "    <tr>\n",
       "      <th>6</th>\n",
       "      <td>0.015105</td>\n",
       "      <td>0.029203</td>\n",
       "      <td>0.030780</td>\n",
       "      <td>0.030305</td>\n",
       "      <td>0.027664</td>\n",
       "      <td>0.023598</td>\n",
       "      <td>0.036100</td>\n",
       "      <td>0.018468</td>\n",
       "      <td>0.014630</td>\n",
       "      <td>0.012540</td>\n",
       "      <td>0.008360</td>\n",
       "      <td>0.004807</td>\n",
       "      <td>0.001984</td>\n",
       "      <td>0.000089</td>\n",
       "    </tr>\n",
       "    <tr>\n",
       "      <th>7</th>\n",
       "      <td>0.014040</td>\n",
       "      <td>0.028188</td>\n",
       "      <td>0.029700</td>\n",
       "      <td>0.028710</td>\n",
       "      <td>0.025740</td>\n",
       "      <td>0.022770</td>\n",
       "      <td>0.018468</td>\n",
       "      <td>0.032400</td>\n",
       "      <td>0.013860</td>\n",
       "      <td>0.011880</td>\n",
       "      <td>0.008208</td>\n",
       "      <td>0.004802</td>\n",
       "      <td>0.001879</td>\n",
       "      <td>0.000086</td>\n",
       "    </tr>\n",
       "    <tr>\n",
       "      <th>8</th>\n",
       "      <td>0.010710</td>\n",
       "      <td>0.021112</td>\n",
       "      <td>0.022680</td>\n",
       "      <td>0.022330</td>\n",
       "      <td>0.020020</td>\n",
       "      <td>0.017066</td>\n",
       "      <td>0.014630</td>\n",
       "      <td>0.013860</td>\n",
       "      <td>0.019600</td>\n",
       "      <td>0.009408</td>\n",
       "      <td>0.006384</td>\n",
       "      <td>0.003671</td>\n",
       "      <td>0.001512</td>\n",
       "      <td>0.000070</td>\n",
       "    </tr>\n",
       "    <tr>\n",
       "      <th>9</th>\n",
       "      <td>0.009540</td>\n",
       "      <td>0.018792</td>\n",
       "      <td>0.019800</td>\n",
       "      <td>0.019140</td>\n",
       "      <td>0.017784</td>\n",
       "      <td>0.014904</td>\n",
       "      <td>0.012540</td>\n",
       "      <td>0.011880</td>\n",
       "      <td>0.009408</td>\n",
       "      <td>0.014400</td>\n",
       "      <td>0.005376</td>\n",
       "      <td>0.003146</td>\n",
       "      <td>0.001274</td>\n",
       "      <td>0.000059</td>\n",
       "    </tr>\n",
       "    <tr>\n",
       "      <th>10</th>\n",
       "      <td>0.006360</td>\n",
       "      <td>0.012760</td>\n",
       "      <td>0.013680</td>\n",
       "      <td>0.012992</td>\n",
       "      <td>0.011648</td>\n",
       "      <td>0.010304</td>\n",
       "      <td>0.008360</td>\n",
       "      <td>0.008208</td>\n",
       "      <td>0.006384</td>\n",
       "      <td>0.005376</td>\n",
       "      <td>0.006400</td>\n",
       "      <td>0.002208</td>\n",
       "      <td>0.000864</td>\n",
       "      <td>0.000040</td>\n",
       "    </tr>\n",
       "    <tr>\n",
       "      <th>11</th>\n",
       "      <td>0.003657</td>\n",
       "      <td>0.007470</td>\n",
       "      <td>0.007866</td>\n",
       "      <td>0.007470</td>\n",
       "      <td>0.006698</td>\n",
       "      <td>0.005925</td>\n",
       "      <td>0.004807</td>\n",
       "      <td>0.004802</td>\n",
       "      <td>0.003671</td>\n",
       "      <td>0.003146</td>\n",
       "      <td>0.002208</td>\n",
       "      <td>0.002116</td>\n",
       "      <td>0.000505</td>\n",
       "      <td>0.000023</td>\n",
       "    </tr>\n",
       "    <tr>\n",
       "      <th>12</th>\n",
       "      <td>0.001458</td>\n",
       "      <td>0.002871</td>\n",
       "      <td>0.003078</td>\n",
       "      <td>0.003028</td>\n",
       "      <td>0.002714</td>\n",
       "      <td>0.002318</td>\n",
       "      <td>0.001984</td>\n",
       "      <td>0.001879</td>\n",
       "      <td>0.001512</td>\n",
       "      <td>0.001274</td>\n",
       "      <td>0.000864</td>\n",
       "      <td>0.000505</td>\n",
       "      <td>0.000324</td>\n",
       "      <td>0.000010</td>\n",
       "    </tr>\n",
       "    <tr>\n",
       "      <th>13</th>\n",
       "      <td>0.000063</td>\n",
       "      <td>0.000128</td>\n",
       "      <td>0.000135</td>\n",
       "      <td>0.000136</td>\n",
       "      <td>0.000122</td>\n",
       "      <td>0.000101</td>\n",
       "      <td>0.000089</td>\n",
       "      <td>0.000086</td>\n",
       "      <td>0.000070</td>\n",
       "      <td>0.000059</td>\n",
       "      <td>0.000040</td>\n",
       "      <td>0.000023</td>\n",
       "      <td>0.000010</td>\n",
       "      <td>0.000001</td>\n",
       "    </tr>\n",
       "  </tbody>\n",
       "</table>\n",
       "</div>"
      ],
      "text/plain": [
       "          0         1         2         3         4         5         6   \\\n",
       "0   0.022500  0.023490  0.024300  0.023055  0.021450  0.018630  0.015105   \n",
       "1   0.023490  0.084100  0.047850  0.045414  0.041470  0.037352  0.029203   \n",
       "2   0.024300  0.047850  0.090000  0.047850  0.042900  0.038640  0.030780   \n",
       "3   0.023055  0.045414  0.047850  0.084100  0.042224  0.036685  0.030305   \n",
       "4   0.021450  0.041470  0.042900  0.042224  0.067600  0.033488  0.027664   \n",
       "5   0.018630  0.037352  0.038640  0.036685  0.033488  0.052900  0.023598   \n",
       "6   0.015105  0.029203  0.030780  0.030305  0.027664  0.023598  0.036100   \n",
       "7   0.014040  0.028188  0.029700  0.028710  0.025740  0.022770  0.018468   \n",
       "8   0.010710  0.021112  0.022680  0.022330  0.020020  0.017066  0.014630   \n",
       "9   0.009540  0.018792  0.019800  0.019140  0.017784  0.014904  0.012540   \n",
       "10  0.006360  0.012760  0.013680  0.012992  0.011648  0.010304  0.008360   \n",
       "11  0.003657  0.007470  0.007866  0.007470  0.006698  0.005925  0.004807   \n",
       "12  0.001458  0.002871  0.003078  0.003028  0.002714  0.002318  0.001984   \n",
       "13  0.000063  0.000128  0.000135  0.000136  0.000122  0.000101  0.000089   \n",
       "\n",
       "          7         8         9         10        11        12        13  \n",
       "0   0.014040  0.010710  0.009540  0.006360  0.003657  0.001458  0.000063  \n",
       "1   0.028188  0.021112  0.018792  0.012760  0.007470  0.002871  0.000128  \n",
       "2   0.029700  0.022680  0.019800  0.013680  0.007866  0.003078  0.000135  \n",
       "3   0.028710  0.022330  0.019140  0.012992  0.007470  0.003028  0.000136  \n",
       "4   0.025740  0.020020  0.017784  0.011648  0.006698  0.002714  0.000122  \n",
       "5   0.022770  0.017066  0.014904  0.010304  0.005925  0.002318  0.000101  \n",
       "6   0.018468  0.014630  0.012540  0.008360  0.004807  0.001984  0.000089  \n",
       "7   0.032400  0.013860  0.011880  0.008208  0.004802  0.001879  0.000086  \n",
       "8   0.013860  0.019600  0.009408  0.006384  0.003671  0.001512  0.000070  \n",
       "9   0.011880  0.009408  0.014400  0.005376  0.003146  0.001274  0.000059  \n",
       "10  0.008208  0.006384  0.005376  0.006400  0.002208  0.000864  0.000040  \n",
       "11  0.004802  0.003671  0.003146  0.002208  0.002116  0.000505  0.000023  \n",
       "12  0.001879  0.001512  0.001274  0.000864  0.000505  0.000324  0.000010  \n",
       "13  0.000086  0.000070  0.000059  0.000040  0.000023  0.000010  0.000001  "
      ]
     },
     "execution_count": 124,
     "metadata": {},
     "output_type": "execute_result"
    }
   ],
   "source": [
    "pd.DataFrame(cov)"
   ]
  },
  {
   "cell_type": "code",
   "execution_count": 65,
   "id": "coastal-mistress",
   "metadata": {},
   "outputs": [],
   "source": [
    "# Now add in quadrature the statistical uncertainties"
   ]
  },
  {
   "cell_type": "code",
   "execution_count": 125,
   "id": "accessory-mouse",
   "metadata": {},
   "outputs": [
    {
     "name": "stdout",
     "output_type": "stream",
     "text": [
      "0.18601075237738274\n",
      "0.3580502757993631\n",
      "0.3661966684720111\n",
      "0.3580502757993631\n",
      "0.31622776601683794\n",
      "0.28017851452243797\n",
      "0.23021728866442678\n",
      "0.21095023109728986\n",
      "0.1664331697709324\n",
      "0.13892443989449804\n",
      "0.09433981132056604\n",
      "0.05437830449729009\n",
      "0.021095023109728987\n",
      "0.001345362404707371\n"
     ]
    }
   ],
   "source": [
    "for i in range(len(stat)):\n",
    "    new=np.sqrt(cov[i][i]+stat[i]**2)\n",
    "    print(new)\n",
    "    cov[i][i]=new"
   ]
  },
  {
   "cell_type": "code",
   "execution_count": 126,
   "id": "august-pledge",
   "metadata": {},
   "outputs": [
    {
     "data": {
      "text/html": [
       "<div>\n",
       "<style scoped>\n",
       "    .dataframe tbody tr th:only-of-type {\n",
       "        vertical-align: middle;\n",
       "    }\n",
       "\n",
       "    .dataframe tbody tr th {\n",
       "        vertical-align: top;\n",
       "    }\n",
       "\n",
       "    .dataframe thead th {\n",
       "        text-align: right;\n",
       "    }\n",
       "</style>\n",
       "<table border=\"1\" class=\"dataframe\">\n",
       "  <thead>\n",
       "    <tr style=\"text-align: right;\">\n",
       "      <th></th>\n",
       "      <th>0</th>\n",
       "      <th>1</th>\n",
       "      <th>2</th>\n",
       "      <th>3</th>\n",
       "      <th>4</th>\n",
       "      <th>5</th>\n",
       "      <th>6</th>\n",
       "      <th>7</th>\n",
       "      <th>8</th>\n",
       "      <th>9</th>\n",
       "      <th>10</th>\n",
       "      <th>11</th>\n",
       "      <th>12</th>\n",
       "      <th>13</th>\n",
       "    </tr>\n",
       "  </thead>\n",
       "  <tbody>\n",
       "    <tr>\n",
       "      <th>0</th>\n",
       "      <td>0.186011</td>\n",
       "      <td>0.023490</td>\n",
       "      <td>0.024300</td>\n",
       "      <td>0.023055</td>\n",
       "      <td>0.021450</td>\n",
       "      <td>0.018630</td>\n",
       "      <td>0.015105</td>\n",
       "      <td>0.014040</td>\n",
       "      <td>0.010710</td>\n",
       "      <td>0.009540</td>\n",
       "      <td>0.006360</td>\n",
       "      <td>0.003657</td>\n",
       "      <td>0.001458</td>\n",
       "      <td>0.000063</td>\n",
       "    </tr>\n",
       "    <tr>\n",
       "      <th>1</th>\n",
       "      <td>0.023490</td>\n",
       "      <td>0.358050</td>\n",
       "      <td>0.047850</td>\n",
       "      <td>0.045414</td>\n",
       "      <td>0.041470</td>\n",
       "      <td>0.037352</td>\n",
       "      <td>0.029203</td>\n",
       "      <td>0.028188</td>\n",
       "      <td>0.021112</td>\n",
       "      <td>0.018792</td>\n",
       "      <td>0.012760</td>\n",
       "      <td>0.007470</td>\n",
       "      <td>0.002871</td>\n",
       "      <td>0.000128</td>\n",
       "    </tr>\n",
       "    <tr>\n",
       "      <th>2</th>\n",
       "      <td>0.024300</td>\n",
       "      <td>0.047850</td>\n",
       "      <td>0.366197</td>\n",
       "      <td>0.047850</td>\n",
       "      <td>0.042900</td>\n",
       "      <td>0.038640</td>\n",
       "      <td>0.030780</td>\n",
       "      <td>0.029700</td>\n",
       "      <td>0.022680</td>\n",
       "      <td>0.019800</td>\n",
       "      <td>0.013680</td>\n",
       "      <td>0.007866</td>\n",
       "      <td>0.003078</td>\n",
       "      <td>0.000135</td>\n",
       "    </tr>\n",
       "    <tr>\n",
       "      <th>3</th>\n",
       "      <td>0.023055</td>\n",
       "      <td>0.045414</td>\n",
       "      <td>0.047850</td>\n",
       "      <td>0.358050</td>\n",
       "      <td>0.042224</td>\n",
