SetDesc: "HERAPDF20 NNLO variations of fit parameters.
 Member 0 is the central fit.
 The 1-10 variations are considered as model errors and should be treated one by one,
 by taking the difference between the variation and the central value,
 and then adding in quadrature all positive (negative) differences to obtain the positive (negative) model error.
 Variations 11 to 13 are the maximal parametrisation variations;
 the largest positive (negative) difference between the variation and the central value is taken
 as the positive (negative) parametrisation error and added in quadrature
 to the model errors to form the parametrisation envelope.
 mem=0 => central (fs=0.4,mb=4.5,mc=1.43,q20=1.9,q2min=3.5,a_s(MZ)=0.118);
 mem=1 => fs=0.3;                mem=2 => fs=0.5;
 mem=3 => fs=hermesfs-03;        mem=4 => fs=hermesfs-05
 mem=5 => q2cut=2.5;             mem=6 => q2cut=5.;
 mem=7 => mb=4.25;               mem=8 => mb=4.75;  
 mem=9 => mc=1.37;               mem=10 => mc=1.49;
 mem=11 => par2(Q0 1.6, mc1.43); mem=12 => par3 (Q0 2.2, mc1.49);
 mem=13 => par4(Duv);"
SetIndex: 61230
Authors: H1 and ZEUS Collaborations
Reference: arXiv:1506.06042
Format: lhagrid1
DataVersion: 1
NumMembers: 14
NumFlavors: 6
Particle: 2212
Flavors: [-5, -4, -3, -2, -1, 1, 2, 3, 4, 5, 21]
OrderQCD: 2
FlavorScheme: variable
ErrorType: custom
XMin: 9.9e-07
XMax: 1
QMin: 1
QMax: 14317.8
MZ: 91.1876
MUp: 0
MDown: 0
MStrange: 0
MCharm: 1.43
MBottom: 4.5
MTop: 173
AlphaS_MZ: 0.118
AlphaS_OrderQCD: 2
AlphaS_Type: ipol
AlphaS_Qs: [1, 1.11291, 1.23856, 1.3784, 1.40397, 1.43, 1.50649, 1.58708, 1.67197, 1.7614, 1.85562, 1.95488, 2.05945, 2.16961, 2.28567, 2.40793, 2.53673, 2.67242, 2.81537, 2.96597, 3.12462, 3.29176, 3.46784, 3.65334, 3.84876, 4.05463, 4.27151, 4.5, 4.83379, 5.19234, 5.57748, 5.99119, 6.43559, 6.91295, 7.42572, 7.97653, 8.56819, 9.20374, 9.88643, 10.6198, 11.4075, 12.2536, 13.1626, 14.1389, 15.1876, 16.3142, 17.5243, 18.8242, 20.2205, 21.7203, 23.3314, 25.062, 26.921, 28.9179, 31.0629, 33.367, 35.842, 38.5006, 41.3564, 44.424, 47.7192, 51.2588, 55.0609, 59.1451, 63.5322, 68.2447, 73.3068, 78.7443, 84.5852, 90.8593, 97.5989, 104.838, 112.615, 120.968, 129.941, 139.579, 149.932, 161.054, 173, 192.18, 213.487, 237.156, 263.449, 292.657, 325.104, 361.147, 401.187, 445.666, 495.077, 549.965, 610.939, 678.673, 753.916, 837.502, 930.354, 1033.5, 1148.08, 1275.37, 1416.77, 1573.84, 1748.33, 1942.17, 2157.49, 2396.69, 2662.41, 2957.59, 3285.49, 3649.75, 4054.39, 4503.89, 5003.23, 5557.93, 6174.13, 6858.65, 7619.05, 8463.77, 9402.13, 10444.5, 11602.5, 12888.9, 14317.8]
AlphaS_Vals: [0.451695, 0.415857, 0.385709, 0.359949, 0.355875, 0.351934, 0.341614, 0.332528, 0.323887, 0.315713, 0.307966, 0.300613, 0.293624, 0.286972, 0.280632, 0.274582, 0.268802, 0.263273, 0.257979, 0.252906, 0.248037, 0.243363, 0.238871, 0.234549, 0.230389, 0.226381, 0.222517, 0.218788, 0.214338, 0.210072, 0.205979, 0.202048, 0.198269, 0.194634, 0.191135, 0.187763, 0.184512, 0.181376, 0.178348, 0.175423, 0.172594, 0.169859, 0.167212, 0.164648, 0.162164, 0.159756, 0.15742, 0.155154, 0.152954, 0.150817, 0.148741, 0.146723, 0.14476, 0.14285, 0.140992, 0.139182, 0.137419, 0.135702, 0.134028, 0.132396, 0.130804, 0.129251, 0.127735, 0.126255, 0.12481, 0.123399, 0.122019, 0.120671, 0.119353, 0.118064, 0.116803, 0.11557, 0.114363, 0.113181, 0.112024, 0.110891, 0.109781, 0.108694, 0.107628, 0.106246, 0.1049, 0.103588, 0.102308, 0.101061, 0.099844, 0.0986562, 0.0974969, 0.0963649, 0.0952591, 0.0941788, 0.0931231, 0.092091, 0.0910819, 0.0900949, 0.0891294, 0.0881845, 0.0872598, 0.0863545, 0.0854681, 0.0845998, 0.0837492, 0.0829158, 0.0820989, 0.0812982, 0.0805132, 0.0797433, 0.0789882, 0.0782473, 0.0775205, 0.0768071, 0.0761069, 0.0754195, 0.0747445, 0.0740817, 0.0734305, 0.0727909, 0.0721624, 0.0715448, 0.0709378, 0.070341, 0.0697544]
